6
4 2.332217063572569 2.139393129401142
0.049253467564594366 2.62256331126828
1.3923799589953458 1.609424570512699
2.0487556076844986 1.3217602379872966

6 2.5336814091459474 4.835825646171175
2.7390190652222834 4.287180956321946
2.6087202657380573 3.6363645569928478
2.763771762979336 3.388603745513677
1.1198941517219172 5.8523187310099365
2.6049191264578817 3.94338178265235

3 3.6061076258787352 1.9703027694939395
4.26668001893149 1.9183801189359055
3.5163919249419826 2.3309142476514304

3 3.9760635253260252 5.295576199258931
3.7651314508187244 3.934509883979826
5.383716515750187 4.528255280849825

5 6.722958745796211 3.3073802584178775
6.2225710320112695 5.592546023475765
6.819247539982732 3.3092587091053582
7.984546098220095 4.057528738525795
8.0782054343305 4.912925908007507

4 6.651646419828804 8.91679513917435
6.20253441048471 7.926868203064396
7.595618056520265 6.61203727724672
7.99179989033457 6.115876590762649


