4
5 4.1060748031802285 2.3697353185058208
3.0963948310963145 0.5738429900087411
3.4939397707501367 1.2940721077506083
1.183560749559443 3.517737459299508
2.8989108543091446 4.825008679526479

5 0.17102574205125565 8.672824374752606
3.981111283598016 5.332881374277574
3.5178513978117483 7.054319185550617
1.623131058095983 8.530689014957758
2.10268917161869 7.983165485371336

5 6.649631852500927 1.0236621668174357
6.347242758519915 2.5688163722593127
7.326680196489619 3.2300680045391617
7.475814233938549 2.8273490521137905
7.008480628861877 0.28459751895807794

5 8.051228506217008 7.361933904470862
8.44979559250075 8.27196378611265
9.751590261057247 6.46775967466234
8.740880465743933 9.92371510785695
6.616170271520779 8.531658219908293


